seg	Chr1A	100.000	55	0	0	1	55	19832545	19832599	1.91e-22	106
seg	Chr1A	100.000	53	0	0	3	55	162283514	162283566	2.75e-21	102
seg	Chr1A	98.113	53	1	0	3	55	243453871	243453819	1.50e-19	96.8
seg	Chr1A	98.113	53	1	0	3	55	252496739	252496687	1.50e-19	96.8
seg	Chr1A	98.000	50	1	0	6	55	223737568	223737519	8.15e-18	91.1
seg	Chr1A	96.226	53	2	0	3	55	230713747	230713799	8.15e-18	91.1
seg	Chr1A	96.226	53	2	0	3	55	490536140	490536192	8.15e-18	91.1
seg	Chr1A	94.545	55	3	0	1	55	367666995	367667049	3.09e-17	89.1
seg	Chr1A	97.917	48	1	0	8	55	45064622	45064575	1.17e-16	87.2
seg	Chr1A	94.340	53	3	0	3	55	121585345	121585397	4.44e-16	85.3
seg	Chr1A	94.340	53	3	0	3	55	151204639	151204691	4.44e-16	85.3
seg	Chr1A	96.000	50	2	0	6	55	210785986	210786035	4.44e-16	85.3
seg	Chr1A	95.833	48	2	0	6	53	348604045	348603998	6.39e-15	81.4
seg	Chr1A	95.833	48	2	0	6	53	237222418	237222465	6.39e-15	81.4
seg	Chr1A	92.453	53	4	0	3	55	2922130	2922078	2.42e-14	79.5
seg	Chr1A	92.453	53	4	0	3	55	91389042	91388990	2.42e-14	79.5
seg	Chr1A	94.000	50	3	0	6	55	185003951	185003902	2.42e-14	79.5
seg	Chr1A	92.453	53	4	0	3	55	476813519	476813467	2.42e-14	79.5
seg	Chr1A	92.453	53	4	0	3	55	568439057	568439005	2.42e-14	79.5
seg	Chr1A	92.453	53	4	0	3	55	128072157	128072209	2.42e-14	79.5
seg	Chr1A	94.000	50	3	0	6	55	311658287	311658336	2.42e-14	79.5
seg	Chr1A	92.000	50	4	0	6	55	89405896	89405847	1.32e-12	73.7
seg	Chr1A	92.000	50	4	0	3	52	113956779	113956730	1.32e-12	73.7
seg	Chr1A	90.566	53	5	0	3	55	117451913	117451861	1.32e-12	73.7
seg	Chr1A	92.000	50	4	0	4	53	323191898	323191849	1.32e-12	73.7
seg	Chr1A	92.000	50	4	0	6	55	502271868	502271819	1.32e-12	73.7
seg	Chr1A	92.000	50	4	0	6	55	185011070	185011119	1.32e-12	73.7
seg	Chr1A	92.000	50	4	0	6	55	256574539	256574588	1.32e-12	73.7
seg	Chr1A	92.000	50	4	0	6	55	295082679	295082728	1.32e-12	73.7
seg	Chr1A	90.566	53	5	0	3	55	451578392	451578444	1.32e-12	73.7
seg	Chr1A	90.566	53	5	0	3	55	460974699	460974751	1.32e-12	73.7
seg	Chr1A	95.349	43	2	0	13	55	91286468	91286510	5.00e-12	71.8
seg	Chr1A	93.333	45	3	0	11	55	399277573	399277617	1.90e-11	69.9
seg	Chr1A	88.679	53	6	0	3	55	40024949	40024897	7.19e-11	68.0
seg	Chr1A	90.000	50	5	0	6	55	70620772	70620723	7.19e-11	68.0
seg	Chr1A	88.679	53	6	0	3	55	252529487	252529435	7.19e-11	68.0
seg	Chr1A	90.000	50	5	0	6	55	493046528	493046479	7.19e-11	68.0
seg	Chr1A	88.679	53	6	0	3	55	272091581	272091633	7.19e-11	68.0
seg	Chr1A	93.023	43	3	0	13	55	217900867	217900909	2.73e-10	66.1
seg	Chr1A	88.462	52	6	0	1	52	556901361	556901412	2.73e-10	66.1
seg	Chr1A	88.000	50	6	0	6	55	141624385	141624336	3.92e-09	62.2
seg	Chr1A	86.792	53	7	0	3	55	172012452	172012400	3.92e-09	62.2
seg	Chr1A	92.683	41	3	0	12	52	490526102	490526142	3.92e-09	62.2
seg	Chr1A	92.308	39	3	0	14	52	53287640	53287602	5.63e-08	58.4
seg	Chr1A	93.023	43	2	1	13	55	253297952	253297993	2.14e-07	56.4
seg	Chr1A	86.957	46	6	0	6	51	327298481	327298436	8.10e-07	54.5
seg	Chr1A	88.235	51	5	1	6	55	539799272	539799322	8.10e-07	54.5
seg	Chr1A	84.091	44	7	0	7	50	356797971	356798014	6.34e-04	44.9
